0.00104437
0.00035295
-0.00246573
-0.00010511
-0.00121016
0.00269508
0.00228385
0.00084313
0.00223838
0.00085145
0.00095705
0.00140809
0.00062908
-0.00166726
-0.00397722
0.00193296
0.00021027
-0.00663758
-0.00096894
-0.00138056
0.00286147
0.00386937
-0.00051723
0.00087853
0.00058686
-0.00344979
-0.00104747
-0.00028904
-0.00375323
-0.01121498
-0.00302693
-0.00097277
-0.00178513
0.00126202
0.00112622
0.00116979
-0.00054033
-0.00317839
0.00259348
0.00021958
-0.00033251
-0.00049613
-0.00182011
-0.00865179
-0.00253411
-0.00309140
-0.00026918
-0.00053580
0.00171631
-0.00046113
-0.00129740
0.00059981
0.00096727
-0.00448788
0.00118646
-0.00155530
0.00204849
0.00239817
0.00104059
-0.00079073
-0.00193149
0.00400865
-0.00155279
-0.00284996
