0.58452630
-0.33065808
-0.43035516
0.37298384
-0.29675460
0.41116989
0.01408271
0.29292032
0.23489857
-0.12878922
0.13552147
0.45243645
-0.10096555
0.10965616
0.43052137
0.56419319
0.03130811
-0.04766806
-0.31544667
-0.12007058
0.00618458
0.00596245
0.00316053
0.46903899
-0.02118324
-0.06145941
-0.07077578
0.58605456
-0.41845289
-0.00252676
0.31949210
-0.01921683
-0.13663620
-0.23940130
0.05938070
-0.07771177
-0.07189246
-0.12560692
0.54061782
-0.07883936
-0.24809326
-0.40649077
-0.37327948
-0.13755341
-0.71579939
-0.46672562
-0.12923685
-0.36007854
0.03398654
0.20876920
0.42725259
-0.00178786
0.67233956
-0.17643400
0.29904422
-0.29355222
0.41211772
0.08127230
-0.17615497
-0.27325583
0.64788944
0.06211175
-0.33108640
0.17167582
