-0.01266828
-0.01636893
-0.00323044
0.01705033
0.00586796
0.01059045
-0.02777299
0.01172282
0.01082446
0.00866339
-0.02063087
0.04085099
-0.00470317
-0.00591359
0.00938769
-0.00328681
0.02257143
0.00409865
-0.00863464
0.01711244
-0.03891739
0.00947798
-0.02019452
0.01831325
0.00203196
0.00317481
-0.00393847
0.02212418
0.01019173
-0.00028076
-0.01613167
-0.00924580
0.00920415
0.01855236
0.00000931
0.00861636
0.02267683
-0.00253644
0.01740927
-0.00059643
-0.01012544
0.00658510
-0.02305879
-0.01073143
0.00488639
-0.00591857
0.00255434
0.01921063
-0.01631969
-0.00934826
0.01259794
-0.01179958
0.00006217
-0.00841667
0.01154863
0.00791060
0.00786567
-0.00321562
0.00784277
0.01101144
-0.00934087
-0.00391964
0.01265477
-0.00530768
