0.78229338
0.80899161
0.76650864
0.73713809
0.76411748
0.76122141
0.76550376
0.78083259
0.79289049
0.75627190
0.73584694
0.72962296
0.73239863
0.70135313
0.77859640
0.74484110
0.75899792
0.73032624
0.80178064
0.72403878
0.76305187
0.74513310
0.75890726
0.77022088
0.73206758
0.77465409
0.73612803
0.79692489
0.77174312
0.76081878
0.78122109
0.74604762
0.76310068
0.78839952
0.78525960
0.78018773
0.79418719
0.76780260
0.76314247
0.73614568
0.77701300
0.76936543
0.79574263
0.78069097
0.78492635
0.75665808
0.70336521
0.80129051
0.77849066
0.79023176
0.77141219
0.76898402
0.75951064
0.63113457
0.74322790
0.76984596
0.78726023
0.70894557
0.79534161
0.74914366
0.77662945
0.74034756
0.66138995
0.72352159
0.76060414
0.76907295
0.77772659
0.79459298
0.76715779
0.77532113
0.78561074
0.77542067
0.75161994
0.75206321
0.79755098
0.71950310
0.76892656
0.70649248
0.75388026
0.76097983
0.78306085
0.79857916
0.78174734
0.76608950
0.71208364
0.75878620
0.74431324
0.76566911
0.78293890
0.79400396
0.77266437
0.77057177
0.50579208
0.77266026
0.77141523
0.74187315
0.63654476
0.72993422
0.77691853
0.79648453
0.79916054
0.79189086
0.77051723
0.74022758
0.74572051
0.60908407
0.74235868
0.79273808
0.74550098
0.74274838
0.76577336
0.75334972
0.70566297
0.77720201
0.79563993
0.76379478
0.76354629
0.79633564
0.77508467
0.76120234
0.75895882
0.50884855
0.77503234
0.75345731
0.70474058
0.76980150
0.77695358
0.78302509
0.77033931
0.74831879
0.78679287
0.76191169
0.67200476
0.74044871
0.78068036
0.79363459
0.75900066
0.76963550
0.78245348
0.63687891
0.78269798
0.77733392
0.77092832
0.77161276
0.76112080
0.10098551
0.78764302
0.75469136
0.75692379
0.76080161
0.75064564
0.76137912
0.71326739
0.79745352
0.79402453
0.75127584
0.76627713
0.71906930
0.77661461
0.47491202
0.78280246
0.78191507
0.73274112
0.80894071
0.76320326
0.77729303
0.75864846
0.76938176
0.60991466
0.77746648
0.78814453
0.76432657
0.72406602
0.77329677
0.78544480
0.32831970
0.75421536
0.76610488
0.76086676
0.76342118
0.78288192
0.79909706
0.74650681
0.76508152
0.78286481
0.78459036
0.76830256
0.73158497
0.78514993
0.77458835
0.77141124
0.73883498
0.72257727
0.73899555
0.77232772
0.77300346
0.79775727
0.74844187
0.74401486
0.72547716
0.76729810
0.73842990
0.58430105
0.76267081
0.77633131
0.74085063
0.75990236
0.75275415
0.78817391
0.74680722
0.76992083
0.78781664
0.74265933
0.77887642
0.76780391
0.62943816
0.53319657
0.78090638
0.61368364
0.73384309
0.77510929
0.75322437
0.77836847
0.75955307
0.77523667
0.61173838
0.75710899
0.73850167
0.78905708
0.78789580
0.75064605
0.76432621
0.76067066
0.78461152
0.79622883
0.76142681
0.76533067
0.72466475
0.79411954
0.74647164
0.74962372
0.79497188
0.78934497
0.73610163
0.77162564
0.62703854
0.72043812
0.75535113
0.76280439
0.72639406
0.75161171
0.71021491
0.76646090
0.78556532
0.79741693
0.75227356
0.73633695
0.75167561
0.74256986
0.76506853
0.79081988
0.77839833
0.79667109
0.76378697
0.70207882
0.73616165
0.77302915
0.76862836
0.77361143
0.78514832
0.77414900
0.78090733
0.78267920
0.76045281
0.80632842
0.77490115
0.75358856
0.78762966
0.78066456
0.77269906
0.72875017
0.76611197
0.79290092
0.61571956
0.77420330
0.73766661
0.77779567
0.78191185
0.75413901
0.79856950
0.76491272
0.63096297
0.75306535
0.77321184
0.75838417
0.71153724
0.67337686
0.71196842
0.77089375
0.76551187
0.75666320
0.78685045
0.77899861
0.79408652
0.69761866
0.77129036
0.75432986
0.78773105
0.34414041
0.76354349
0.76627690
0.67844164
0.77634859
0.75318372
0.76541626
0.75504559
0.78350985
0.78520572
0.76671857
0.72320068
0.76574874
0.76246637
0.76374531
0.78917009
0.77139419
0.77629405
0.72855169
0.78924161
0.78383583
0.76770973
0.76242578
0.65871096
0.78004515
0.77374935
0.76503265
0.76735246
0.74795991
0.79830879
0.78841799
0.77016139
0.73857278
0.78476554
0.75925148
0.77440667
0.74176800
0.65241057
0.78599280
0.76978332
0.77726781
0.78965408
0.77416867
0.79223239
0.78512084
0.66855407
0.79077858
0.77412355
0.75139922
0.77391416
0.74731892
0.78169489
0.76467890
0.78212047
0.75191903
0.75733387
0.77789909
0.75864011
0.76328480
0.78221035
0.78365582
0.73058975
0.77313888
0.78785717
0.79436624
0.76849622
0.76860338
0.78526568
0.77443999
0.77545202
0.73758119
0.79622364
0.77737439
0.40268314
0.78930891
0.76779449
0.75854635
0.78285110
0.75447643
0.79319161
0.78885037
0.73342347
0.74322379
0.77319258
0.75764537
0.78560394
0.77765578
0.78825444
0.77760845
0.75111580
0.78113157
0.78409529
0.75391161
0.68561321
0.76859021
0.76330793
0.73188210
0.76830310
0.78261262
0.75809777
0.76121026
0.78774554
0.78246933
0.77056783
0.79804707
0.80083185
0.77423251
0.75351584
0.77742279
0.77431923
0.76958239
0.64159507
0.75343990
0.71975046
0.77501506
0.73316264
0.76871783
0.76516050
0.78082627
0.76969445
0.78909326
0.74417937
0.77221102
0.73018229
0.78390533
0.75053376
0.77343208
0.80773699
0.78738916
0.76624542
0.77412140
0.75529325
0.74534857
0.77711391
0.75803351
0.64306182
0.77672052
0.75566483
0.76240778
0.76419103
0.77371812
0.74933875
0.78780836
0.78216505
0.74807751
0.77619070
0.80508077
0.80425996
0.78768653
0.79273897
0.74337125
0.76777923
0.75881922
0.65594846
0.78712809
0.76914018
0.76805282
0.70337939
0.72477531
0.75195873
0.73264199
0.79067683
0.75495994
0.73900682
0.75051516
0.78284919
0.77505475
0.77024555
0.74723554
0.78018880
0.75740564
0.76405376
0.78797507
0.74779487
0.64072442
0.76971614
0.77136928
0.75198507
0.77514607
0.76635057
0.75203633
0.77476436
0.78051531
0.76436275
0.71877676
0.79369807
0.76879436
0.78399658
0.65021825
0.74905932
0.78706771
0.75278097
0.76115614
0.75666094
0.78109461
0.72623217
0.75009692
0.78807068
0.74880821
0.75382972
0.77544695
0.77056938
0.76252127
0.74129099
0.72642553
0.76947480
0.76362342
0.75472707
0.77445966
0.56964028
0.77371889
0.76697701
0.80196393
0.69331270
0.78423750
0.75615382
0.75028771
0.78897583
0.77593642
0.78253585
0.75861353
0.64903212
0.73019201
0.74011832
0.79046780
0.77988321
0.79008061
0.75978935
0.76650041
0.77306998
0.73698407
0.80255526
0.73244953
0.35289750
0.79316497
0.74107581
0.79005408
0.69089097
0.76361573
0.72884929
0.74535894
0.74876165
0.78870374
0.73613447
0.76296264
0.78246468
0.79205024
0.80125546
0.75488192
0.73422962
0.78400809
0.77786529
0.79030961
0.76541138
0.75183529
0.77804595
0.76154870
0.76313210
0.76990062
0.77654165
0.78636920
0.79266399
0.75416088
0.79585093
0.78389084
0.69948274
0.75135875
0.76071674
0.78915894
0.63170743
0.77742440
0.78759789
0.78862602
0.79182756
0.75498575
0.75924337
0.78334194
0.77302712
0.73171163
0.78804445
0.72597241
0.78246593
0.77345240
0.75500578
0.79299790
0.74990880
0.73086178
0.75485504
0.76888847
0.77291560
0.78188282
0.76674485
0.76293457
0.79714739
0.79462165
0.76062852
0.77651328
0.75071758
0.77756310
0.74617523
0.74565983
0.76172310
0.77773768
0.74749202
0.78064346
0.73550206
0.63365364
0.78916579
0.74650496
0.79313350
0.77759194
0.74357969
0.75370288
0.78203177
0.79083234
0.78821999
0.76768845
0.78063774
0.78676558
0.77057713
0.76700169
0.78897077
0.76958406
0.75923264
0.76004845
0.78623664
0.77553767
0.77046877
0.78383917
0.78510684
0.74758005
0.78183377
0.77684510
0.75099629
0.78769505
0.73050791
0.80440754
0.77799618
0.75572866
0.78578633
0.78009325
0.75072610
0.79160738
0.76664793
0.73696530
0.74763107
0.26323760
0.74041981
0.71986586
0.77043504
0.78418308
0.76854050
0.78001553
0.78599966
0.78097832
0.76864314
0.77183485
0.75650346
0.77382213
0.72262222
0.76712847
0.75564915
0.64270371
0.76773483
0.75476938
0.74443996
0.79650593
0.77468300
0.74915856
0.75844854
0.78873914
0.74455082
0.78112692
0.78195184
0.74950671
0.76946223
0.79680139
0.76634735
0.74503660
0.79030377
0.78068477
0.78254151
0.76348639
0.75415176
0.75925004
0.80633301
0.76944584
0.74332869
0.75002700
0.74914730
0.76493669
0.59824353
0.78794855
0.76715970
0.71792895
0.77749103
0.77164233
0.76378065
0.72155559
0.74456865
0.79659307
0.77389508
0.74555415
0.76300365
0.72748613
0.78513193
0.75766492
0.76767308
0.73652494
0.77633560
0.79608542
0.74473369
0.76841509
0.78666925
0.79663688
0.78714919
0.75206614
0.78825283
0.76295459
0.77096707
0.75183791
0.77054071
0.75878352
0.77864289
0.80191290
0.81291378
0.73457295
0.75861430
0.78025723
0.72419649
0.77936447
0.75077266
0.76841331
0.77888387
0.78446048
0.74249738
0.74604964
0.77019000
0.76052201
0.78558046
0.76774251
0.78887087
0.79382634
0.78985596
0.75139672
0.74949294
0.78241026
0.74381232
0.67376930
0.79165453
0.79200554
0.75538242
0.77366239
0.78308219
0.78270215
0.77027631
0.76842541
0.73682165
0.75747561
0.79789871
